255 187 146 106 91 79 0 21 
255 230 201 160 137 116 0 13 
255 245 231 216 194 168 0 14 
255 246 232 196 185 168 0 8 
255 242 227 174 171 163 0 9 
255 243 228 172 168 161 0 10 
255 250 247 244 218 198 0 11 
255 239 222 170 173 169 0 8 
255 243 228 173 168 163 0 9 
255 250 246 247 223 204 0 12 
255 239 221 160 167 166 0 8 
255 243 229 176 168 162 0 9 
255 246 237 215 201 187 0 13 
255 247 237 203 192 181 0 8 
255 242 228 175 173 168 0 8 
255 243 228 172 167 162 0 9 
255 250 247 247 223 204 0 12 
255 239 221 163 169 167 0 8 
255 243 229 175 168 162 0 9 
255 248 243 236 216 199 0 13 
255 243 228 176 175 170 0 7 
255 243 229 175 170 164 0 8 
255 243 230 187 180 171 0 11 
255 250 244 230 209 193 0 9 
255 240 225 171 173 169 0 8 
255 243 229 174 168 163 0 9 
255 250 246 246 222 204 0 12 
255 240 222 160 167 166 0 8 
255 243 229 176 169 163 0 9 
255 245 236 210 197 185 0 12 
255 248 239 210 197 185 0 8 
255 242 227 174 173 168 0 8 
255 243 229 173 167 162 0 9 
255 250 247 247 223 204 0 12 
255 239 221 162 169 167 0 8 
255 243 229 175 168 163 0 9 
255 248 242 231 213 197 0 13 
255 244 231 184 179 173 0 7 
255 243 229 175 171 165 0 8 
255 243 229 180 175 169 0 11 
255 187 148 113 96 83 0 21 
255 230 201 159 137 117 0 12 
255 249 240 243 212 182 0 13 
255 239 218 159 164 156 0 8 
255 243 229 175 167 158 0 9 
255 246 238 218 204 188 0 13 
255 246 236 200 190 179 0 7 
255 242 228 175 172 167 0 8 
255 243 228 172 167 162 0 10 
255 250 247 245 219 200 0 11 
255 239 222 169 173 169 0 8 
255 243 229 173 168 163 0 9 
255 250 246 247 223 204 0 12 
255 239 221 160 167 166 0 8 
255 243 229 176 168 162 0 9 
255 246 237 213 200 186 0 13 
255 247 238 206 194 183 0 8 
255 242 227 174 173 168 0 8 
255 243 228 172 167 162 0 9 
255 251 247 248 223 204 0 12 
255 239 221 162 169 167 0 8 
255 243 229 174 168 162 0 9 
255 248 242 234 215 198 0 13 
255 243 229 180 178 172 0 7 
255 243 229 175 170 165 0 8 
